9.666666666666666463e-02
8.733333333333332948e-01
7.866666666666666252e-01
6.933333333333333570e-01
7.466666666666667007e-01
5.733333333333333615e-01
3.866666666666666585e-01
4.933333333333333459e-01
1.466666666666666674e-01
7.733333333333333171e-01
9.866666666666666918e-01
2.933333333333333348e-01
5.466666666666666341e-01
9.733333333333333837e-01
5.866666666666666696e-01
9.333333333333333759e-02
9.466666666666666563e-01
1.733333333333333393e-01
1.866666666666666752e-01
8.933333333333333126e-01
3.466666666666666785e-01
3.733333333333333504e-01
7.866666666666666252e-01
6.933333333333333570e-01
7.466666666666667007e-01
5.733333333333333615e-01
3.866666666666666585e-01
4.933333333333333459e-01
1.466666666666666674e-01
7.733333333333333171e-01
9.866666666666666918e-01
2.933333333333333348e-01
5.466666666666666341e-01
9.733333333333333837e-01
5.866666666666666696e-01
9.333333333333333759e-02
9.466666666666666563e-01
1.733333333333333393e-01
1.866666666666666752e-01
8.933333333333333126e-01
3.466666666666666785e-01
3.733333333333333504e-01
7.866666666666666252e-01
6.933333333333333570e-01
7.466666666666667007e-01
5.733333333333333615e-01
3.866666666666666585e-01
4.933333333333333459e-01
1.466666666666666674e-01
7.733333333333333171e-01
9.866666666666666918e-01
2.933333333333333348e-01
5.466666666666666341e-01
9.733333333333333837e-01
5.866666666666666696e-01
9.333333333333333759e-02
9.466666666666666563e-01
1.733333333333333393e-01
1.866666666666666752e-01
8.933333333333333126e-01
3.466666666666666785e-01
3.733333333333333504e-01
7.866666666666666252e-01
6.933333333333333570e-01
7.466666666666667007e-01
5.733333333333333615e-01
3.866666666666666585e-01
4.933333333333333459e-01
1.466666666666666674e-01
7.733333333333333171e-01
9.866666666666666918e-01
2.933333333333333348e-01
5.466666666666666341e-01
9.733333333333333837e-01
5.866666666666666696e-01
9.333333333333333759e-02
9.466666666666666563e-01
1.733333333333333393e-01
1.866666666666666752e-01
8.933333333333333126e-01
3.466666666666666785e-01
3.733333333333333504e-01
7.866666666666666252e-01
6.933333333333333570e-01
7.466666666666667007e-01
5.733333333333333615e-01
3.866666666666666585e-01
4.933333333333333459e-01
1.466666666666666674e-01
7.733333333333333171e-01
9.866666666666666918e-01
2.933333333333333348e-01
5.466666666666666341e-01
9.733333333333333837e-01
5.866666666666666696e-01
9.333333333333333759e-02
9.466666666666666563e-01
1.733333333333333393e-01
1.866666666666666752e-01
8.933333333333333126e-01
